MobileMedia_100_10100_0.9_allComponents: 16 - ED: 0.33809349165168917
MobileMedia_100_10100_1.0_allComponents: 0 - ED: 0.3430644792900321
MobileMedia_100_30100_0.9_allComponents: 25 - ED: 0.31630253188939245
MobileMedia_100_30100_1.0_allComponents: 7 - ED: 0.3054864035112591
MobileMedia_100_90100_0.9_allComponents: 19 - ED: 0.27287797586697754
MobileMedia_100_90100_1.0_allComponents: 1 - ED: 0.14018337354022736
MobileMedia_200_180200_0.9_allComponents: 0 - ED: 0.2775999563239001
MobileMedia_200_180200_1.0_allComponents: 10 - ED: 0.23880212503431994
MobileMedia_200_20200_0.9_allComponents: 8 - ED: 0.32482899454169833
MobileMedia_200_20200_1.0_allComponents: 12 - ED: 0.32076552366921535
MobileMedia_200_60200_0.9_allComponents: 24 - ED: 0.2749416666089451
MobileMedia_200_60200_1.0_allComponents: 0 - ED: 0.20253919374844365
MobileMedia_50_15050_0.9_allComponents: 12 - ED: 0.2963003629813582
MobileMedia_50_15050_1.0_allComponents: 21 - ED: 0.3334858065117347
MobileMedia_50_45050_0.9_allComponents: 4 - ED: 0.19714635714469872
MobileMedia_50_45050_1.0_allComponents: 2 - ED: 0.1979461349016425
MobileMedia_50_5050_0.9_allComponents: 23 - ED: 0.34508525707290916
MobileMedia_50_5050_1.0_allComponents: 9 - ED: 0.32898298748013793
