BeT_100_10100_0.9_clientserver: 11 - ED: 0.040618325276201676
BeT_100_10100_1.0_clientserver: 3 - ED: 0.04116257888690896
BeT_100_30100_0.9_clientserver: 7 - ED: 0.04034402895132228
BeT_100_30100_1.0_clientserver: 50 - ED: 0.03980374763489912
BeT_100_90100_0.9_clientserver: 37 - ED: 0.04170968298051559
BeT_100_90100_1.0_clientserver: 38 - ED: 0.04007435716392091
BeT_200_180200_0.9_clientserver: 64 - ED: 0.039262862547832234
BeT_200_180200_1.0_clientserver: 130 - ED: 0.04034602668970976
BeT_200_20200_0.9_clientserver: 14 - ED: 0.04034440092184342
BeT_200_20200_1.0_clientserver: 14 - ED: 0.04034602668970976
BeT_200_60200_0.9_clientserver: 41 - ED: 0.04007394105708252
BeT_200_60200_1.0_clientserver: 63 - ED: 0.0398033286990895
BeT_50_15050_0.9_clientserver: 21 - ED: 0.04439893219543853
BeT_50_15050_1.0_clientserver: 10 - ED: 0.04226134706946898
BeT_50_45050_0.9_clientserver: 34 - ED: 0.04260623507855324
BeT_50_45050_1.0_clientserver: 21 - ED: 0.04034559805939435
BeT_50_5050_0.9_clientserver: 13 - ED: 0.04116476340785928
BeT_50_5050_1.0_clientserver: 0 - ED: 0.04380427514908267
