MobileMedia_100_10100_0.9_allComponents: 1 - ED: 0.3341263134764126
MobileMedia_100_10100_1.0_allComponents: 3 - ED: 0.3341263134764126
MobileMedia_100_30100_0.9_allComponents: 4 - ED: 0.3337345622416641
MobileMedia_100_30100_1.0_allComponents: 2 - ED: 0.3341263134764126
MobileMedia_100_90100_0.9_allComponents: 6 - ED: 0.2502437744071382
MobileMedia_100_90100_1.0_allComponents: 2 - ED: 0.167467682557865
MobileMedia_200_180200_0.9_allComponents: 2 - ED: 0.060130707623586396
MobileMedia_200_180200_1.0_allComponents: 1 - ED: 0.08492403292336342
MobileMedia_200_20200_0.9_allComponents: 1 - ED: 0.3341263134764126
MobileMedia_200_20200_1.0_allComponents: 1 - ED: 0.3341263134764126
MobileMedia_200_60200_0.9_allComponents: 3 - ED: 0.060130707623586396
MobileMedia_200_60200_1.0_allComponents: 2 - ED: 0.2228236140378905
MobileMedia_50_15050_0.9_allComponents: 0 - ED: 0.3341263134764126
MobileMedia_50_15050_1.0_allComponents: 0 - ED: 0.3341263134764126
MobileMedia_50_45050_0.9_allComponents: 6 - ED: 0.2502437744071382
MobileMedia_50_45050_1.0_allComponents: 2 - ED: 0.2228236140378905
MobileMedia_50_5050_0.9_allComponents: 0 - ED: 0.08910626877212756
MobileMedia_50_5050_1.0_allComponents: 1 - ED: 0.3341263134764126
