BeT_100_10100_0.9_layer: 12 - ED: 0.07231002688241153
BeT_100_10100_1.0_layer: 5 - ED: 0.0723116984554505
BeT_100_30100_0.9_layer: 13 - ED: 0.07105036144373468
BeT_100_30100_1.0_layer: 8 - ED: 0.0707460464182105
BeT_100_90100_0.9_layer: 43 - ED: 0.07015657472351006
BeT_100_90100_1.0_layer: 34 - ED: 0.0708942955778071
BeT_200_180200_0.9_layer: 58 - ED: 0.0698663813795738
BeT_200_180200_1.0_layer: 91 - ED: 0.06957384357979815
BeT_200_20200_0.9_layer: 1 - ED: 0.07075140123464144
BeT_200_20200_1.0_layer: 13 - ED: 0.07044973886581282
BeT_200_60200_0.9_layer: 8 - ED: 0.0702987937580718
BeT_200_60200_1.0_layer: 25 - ED: 0.07015312469031221
BeT_50_15050_0.9_layer: 26 - ED: 0.07090063550264773
BeT_50_15050_1.0_layer: 17 - ED: 0.07104804592930165
BeT_50_45050_0.9_layer: 6 - ED: 0.07182843486519629
BeT_50_45050_1.0_layer: 46 - ED: 0.0700049132238861
BeT_50_5050_0.9_layer: 13 - ED: 0.07247331268127072
BeT_50_5050_1.0_layer: 4 - ED: 0.07296894126701782
