BeT_100_10100_0.9_layer: 3 - ED: 0.32831739573663143
BeT_100_10100_1.0_layer: 18 - ED: 0.3427005187847315
BeT_100_30100_0.9_layer: 17 - ED: 0.31162834550038415
BeT_100_30100_1.0_layer: 2 - ED: 0.03116853963374028
BeT_100_90100_0.9_layer: 5 - ED: 0.29898393529607237
BeT_100_90100_1.0_layer: 0 - ED: 0.2871875639559214
BeT_200_180200_0.9_layer: 8 - ED: 0.27131586916904865
BeT_200_180200_1.0_layer: 1 - ED: 0.16513604497267093
BeT_200_20200_0.9_layer: 6 - ED: 0.3133019116255563
BeT_200_20200_1.0_layer: 11 - ED: 0.3133019116255563
BeT_200_60200_0.9_layer: 17 - ED: 0.2989831000913017
BeT_200_60200_1.0_layer: 19 - ED: 0.2989848243906561
BeT_50_15050_0.9_layer: 3 - ED: 0.3133019116255563
BeT_50_15050_1.0_layer: 9 - ED: 0.2989848243906561
BeT_50_45050_0.9_layer: 0 - ED: 0.29898393529607237
BeT_50_45050_1.0_layer: 14 - ED: 0.2989848243906561
BeT_50_5050_0.9_layer: 6 - ED: 0.3487105080975942
BeT_50_5050_1.0_layer: 13 - ED: 0.32056251059613017
