BeT_100_10100_0.9_allComponents: 0 - ED: 0.435274719329
BeT_100_10100_1.0_allComponents: 22 - ED: 0.44525400425571676
BeT_100_30100_0.9_allComponents: 6 - ED: 0.4214746851056579
BeT_100_30100_1.0_allComponents: 28 - ED: 0.43510494359093654
BeT_100_90100_0.9_allComponents: 17 - ED: 0.42147439039392665
BeT_100_90100_1.0_allComponents: 20 - ED: 0.42147439039392665
BeT_200_180200_0.9_allComponents: 19 - ED: 0.4214746851056579
BeT_200_180200_1.0_allComponents: 9 - ED: 0.42147439039392665
BeT_200_20200_0.9_allComponents: 16 - ED: 0.435274719329
BeT_200_20200_1.0_allComponents: 13 - ED: 0.4716367498786995
BeT_200_60200_0.9_allComponents: 23 - ED: 0.4315463760947962
BeT_200_60200_1.0_allComponents: 41 - ED: 0.4315467195234812
BeT_50_15050_0.9_allComponents: 1 - ED: 0.44525400425571676
BeT_50_15050_1.0_allComponents: 21 - ED: 0.4452537230687974
BeT_50_45050_0.9_allComponents: 14 - ED: 0.4315463760947962
BeT_50_45050_1.0_allComponents: 28 - ED: 0.4214746851056579
BeT_50_5050_0.9_allComponents: 3 - ED: 0.44525400425571676
BeT_50_5050_1.0_allComponents: 26 - ED: 0.47617454085463246
