agm_100_10100_0.9_layer: 2 - ED: 0.3597847115473894
agm_100_10100_1.0_layer: 3 - ED: 0.3729644762729194
agm_100_30100_0.9_layer: 0 - ED: 0.12187927539073551
agm_100_30100_1.0_layer: 2 - ED: 0.3531010558490706
agm_100_90100_0.9_layer: 0 - ED: 0.02727528256542112
agm_100_90100_1.0_layer: 4 - ED: 0.0381174915604323
agm_200_180200_0.9_layer: 0 - ED: 0.03802711785460456
agm_200_180200_1.0_layer: 10 - ED: 0.02675159235668794
agm_200_20200_0.9_layer: 0 - ED: 0.36420075054016754
agm_200_20200_1.0_layer: 0 - ED: 0.36367815219445637
agm_200_60200_0.9_layer: 1 - ED: 0.053622663265033184
agm_200_60200_1.0_layer: 10 - ED: 0.11281075216296271
agm_50_15050_0.9_layer: 0 - ED: 0.35680591774474685
agm_50_15050_1.0_layer: 0 - ED: 0.3584584997382511
agm_50_45050_0.9_layer: 1 - ED: 0.2023242624488079
agm_50_45050_1.0_layer: 1 - ED: 0.09266877620014513
agm_50_5050_0.9_layer: 9 - ED: 0.37232754544854096
agm_50_5050_1.0_layer: 11 - ED: 0.35873411955638324
