MobileMedia_100_10100_0.9_layer: 9 - ED: 0.9639268265265034
MobileMedia_100_10100_1.0_layer: 7 - ED: 0.9624319488674414
MobileMedia_100_30100_0.9_layer: 10 - ED: 0.9415947073706635
MobileMedia_100_30100_1.0_layer: 9 - ED: 0.9520415139918121
MobileMedia_100_90100_0.9_layer: 13 - ED: 0.7085810942201362
MobileMedia_100_90100_1.0_layer: 0 - ED: 0.10203728283745127
MobileMedia_200_180200_0.9_layer: 3 - ED: 0.10541564251841333
MobileMedia_200_180200_1.0_layer: 19 - ED: 0.051939819902503036
MobileMedia_200_20200_0.9_layer: 1 - ED: 0.9487993719811213
MobileMedia_200_20200_1.0_layer: 1 - ED: 0.9498238977572674
MobileMedia_200_60200_0.9_layer: 4 - ED: 0.9395188749623022
MobileMedia_200_60200_1.0_layer: 11 - ED: 0.5163437064843288
MobileMedia_50_15050_0.9_layer: 4 - ED: 0.9473631745012667
MobileMedia_50_15050_1.0_layer: 0 - ED: 0.9548976259647092
MobileMedia_50_45050_0.9_layer: 6 - ED: 0.06906463293389263
MobileMedia_50_45050_1.0_layer: 10 - ED: 0.9514047213043857
MobileMedia_50_5050_0.9_layer: 5 - ED: 0.959071437484234
MobileMedia_50_5050_1.0_layer: 3 - ED: 0.9711124945669206
