MobileMedia_100_10100_0.9_layer: 0 - ED: 0.4258009637291491
MobileMedia_100_10100_1.0_layer: 0 - ED: 0.18465725865032215
MobileMedia_100_30100_0.9_layer: 0 - ED: 0.16647756092943103
MobileMedia_100_30100_1.0_layer: 0 - ED: 0.14444995325218424
MobileMedia_100_90100_0.9_layer: 0 - ED: 0.1068362913683753
MobileMedia_100_90100_1.0_layer: 1 - ED: 0.07578202721372981
MobileMedia_200_180200_0.9_layer: 1 - ED: 0.03448275862068991
MobileMedia_200_180200_1.0_layer: 1 - ED: 0.03448275862068991
MobileMedia_200_20200_0.9_layer: 0 - ED: 0.10570778387089201
MobileMedia_200_20200_1.0_layer: 0 - ED: 0.12516909076082963
MobileMedia_200_60200_0.9_layer: 1 - ED: 0.09003257526542792
MobileMedia_200_60200_1.0_layer: 1 - ED: 0.05549252030981049
MobileMedia_50_15050_0.9_layer: 0 - ED: 0.3009472057306028
MobileMedia_50_15050_1.0_layer: 0 - ED: 0.2806322786771784
MobileMedia_50_45050_0.9_layer: 1 - ED: 0.15005429210904636
MobileMedia_50_45050_1.0_layer: 0 - ED: 0.03448275862068991
MobileMedia_50_5050_0.9_layer: 0 - ED: 0.3319416510382376
MobileMedia_50_5050_1.0_layer: 1 - ED: 0.5318959165153252
