agm_100_10100_0.9_layer: 2 - ED: 0.38036912467192685
agm_100_10100_1.0_layer: 5 - ED: 0.37402057632891894
agm_100_30100_0.9_layer: 10 - ED: 0.35748361998724976
agm_100_30100_1.0_layer: 3 - ED: 0.1777803787085805
agm_100_90100_0.9_layer: 0 - ED: 0.05598108732200485
agm_100_90100_1.0_layer: 1 - ED: 0.039618942003178115
agm_200_180200_0.9_layer: 4 - ED: 0.029884180417420976
agm_200_180200_1.0_layer: 0 - ED: 0.026576858624435287
agm_200_20200_0.9_layer: 8 - ED: 0.37549465939115123
agm_200_20200_1.0_layer: 8 - ED: 0.3753211642055783
agm_200_60200_0.9_layer: 5 - ED: 0.15659012332986488
agm_200_60200_1.0_layer: 0 - ED: 0.04062449081415919
agm_50_15050_0.9_layer: 1 - ED: 0.3505116917958406
agm_50_15050_1.0_layer: 12 - ED: 0.3578017037565988
agm_50_45050_0.9_layer: 6 - ED: 0.041211141351656974
agm_50_45050_1.0_layer: 0 - ED: 0.05772597239706351
agm_50_5050_0.9_layer: 12 - ED: 0.3842106898391307
agm_50_5050_1.0_layer: 4 - ED: 0.38142611358429956
