BeT_100_10100_0.9_allComponents: 5 - ED: 0.15893964668243996
BeT_100_10100_1.0_allComponents: 0 - ED: 0.1593067475683514
BeT_100_30100_0.9_allComponents: 17 - ED: 0.15881782678813613
BeT_100_30100_1.0_allComponents: 3 - ED: 0.15863939732555662
BeT_100_90100_0.9_allComponents: 4 - ED: 0.15872721529371525
BeT_100_90100_1.0_allComponents: 47 - ED: 0.1491043373793557
BeT_200_180200_0.9_allComponents: 73 - ED: 0.15854639264910492
BeT_200_180200_1.0_allComponents: 21 - ED: 0.06420389104994502
BeT_200_20200_0.9_allComponents: 6 - ED: 0.1588520084521739
BeT_200_20200_1.0_allComponents: 6 - ED: 0.15869633202640068
BeT_200_60200_0.9_allComponents: 31 - ED: 0.15871650909032503
BeT_200_60200_1.0_allComponents: 30 - ED: 0.15866443603052802
BeT_50_15050_0.9_allComponents: 10 - ED: 0.15929563506091016
BeT_50_15050_1.0_allComponents: 7 - ED: 0.1587877921333388
BeT_50_45050_0.9_allComponents: 20 - ED: 0.08941986020765978
BeT_50_45050_1.0_allComponents: 17 - ED: 0.15911399565002976
BeT_50_5050_0.9_allComponents: 6 - ED: 0.1594166118409696
BeT_50_5050_1.0_allComponents: 0 - ED: 0.07538786849477537
