agm_100_10100_0.9_allComponents: 9 - ED: 0.3720621991614654
agm_100_10100_1.0_allComponents: 5 - ED: 0.3742791304896819
agm_100_30100_0.9_allComponents: 1 - ED: 0.07927620205383679
agm_100_30100_1.0_allComponents: 7 - ED: 0.36159302444153724
agm_100_90100_0.9_allComponents: 1 - ED: 0.03026592672956715
agm_100_90100_1.0_allComponents: 7 - ED: 0.023101675382889292
agm_200_180200_0.9_allComponents: 0 - ED: 0.03831647845345232
agm_200_180200_1.0_allComponents: 17 - ED: 0.07170071148354606
agm_200_20200_0.9_allComponents: 7 - ED: 0.3699931350561809
agm_200_20200_1.0_allComponents: 0 - ED: 0.35470938745724034
agm_200_60200_0.9_allComponents: 11 - ED: 0.3553678136519639
agm_200_60200_1.0_allComponents: 0 - ED: 0.049952763951025506
agm_50_15050_0.9_allComponents: 10 - ED: 0.3548921215398958
agm_50_15050_1.0_allComponents: 7 - ED: 0.3638243683668095
agm_50_45050_0.9_allComponents: 1 - ED: 0.052608297157925574
agm_50_45050_1.0_allComponents: 0 - ED: 0.07179459732860659
agm_50_5050_0.9_allComponents: 2 - ED: 0.378110191719164
agm_50_5050_1.0_allComponents: 0 - ED: 0.3767108647959217
