banking_100_10100_0.9_clientserver: 6 - ED: 0.14677504396046095
banking_100_10100_1.0_clientserver: 0 - ED: 0.14665572184517953
banking_100_30100_0.9_clientserver: 12 - ED: 0.15862729468276307
banking_100_30100_1.0_clientserver: 4 - ED: 0.14665572184517953
banking_100_90100_0.9_clientserver: 8 - ED: 0.18935685327701016
banking_100_90100_1.0_clientserver: 1 - ED: 0.1464820302117323
banking_200_180200_0.9_clientserver: 10 - ED: 0.14588324535952704
banking_200_180200_1.0_clientserver: 6 - ED: 0.14619154414818494
banking_200_20200_0.9_clientserver: 4 - ED: 0.14677504396046095
banking_200_20200_1.0_clientserver: 9 - ED: 0.14631124481766697
banking_200_60200_0.9_clientserver: 10 - ED: 0.14677504396046095
banking_200_60200_1.0_clientserver: 0 - ED: 0.14619154414818494
banking_50_15050_0.9_clientserver: 6 - ED: 0.5771553380424225
banking_50_15050_1.0_clientserver: 2 - ED: 0.14713242969715745
banking_50_45050_0.9_clientserver: 1 - ED: 0.14713242969715745
banking_50_45050_1.0_clientserver: 0 - ED: 0.29545443022751305
banking_50_5050_0.9_clientserver: 8 - ED: 0.4334024851578766
banking_50_5050_1.0_clientserver: 2 - ED: 0.5771554300468033
