agm_100_10100_0.9_allComponents: 9 - ED: 0.3743045783044814
agm_100_10100_1.0_allComponents: 14 - ED: 0.3708887756667654
agm_100_30100_0.9_allComponents: 8 - ED: 0.3483577575285606
agm_100_30100_1.0_allComponents: 16 - ED: 0.3589749724130414
agm_100_90100_0.9_allComponents: 0 - ED: 0.039435626511940526
agm_100_90100_1.0_allComponents: 0 - ED: 0.07136471449491011
agm_200_180200_0.9_allComponents: 6 - ED: 0.03733088187554336
agm_200_180200_1.0_allComponents: 3 - ED: 0.018314218747071044
agm_200_20200_0.9_allComponents: 7 - ED: 0.3701913126480109
agm_200_20200_1.0_allComponents: 1 - ED: 0.3592841421481247
agm_200_60200_0.9_allComponents: 6 - ED: 0.12513697091720685
agm_200_60200_1.0_allComponents: 0 - ED: 0.356922727862738
agm_50_15050_0.9_allComponents: 10 - ED: 0.35318766539125385
agm_50_15050_1.0_allComponents: 0 - ED: 0.04136842797924173
agm_50_45050_0.9_allComponents: 7 - ED: 0.3479701561943483
agm_50_45050_1.0_allComponents: 0 - ED: 0.03953177220636701
agm_50_5050_0.9_allComponents: 5 - ED: 0.38408534143569456
agm_50_5050_1.0_allComponents: 0 - ED: 0.3742395171605995
