banking_100_10100_0.9_allComponents: 2 - ED: 0.5074023340556819
banking_100_10100_1.0_allComponents: 4 - ED: 0.0074318445475637235
banking_100_30100_0.9_allComponents: 2 - ED: 0.006283836040216436
banking_100_30100_1.0_allComponents: 0 - ED: 0.058907238929017045
banking_100_90100_0.9_allComponents: 0 - ED: 0.05356137727781459
banking_100_90100_1.0_allComponents: 0 - ED: 0.011361165530039467
banking_200_180200_0.9_allComponents: 5 - ED: 0.005800464037122842
banking_200_180200_1.0_allComponents: 1 - ED: 0.006824075337791613
banking_200_20200_0.9_allComponents: 0 - ED: 0.006824075337791613
banking_200_20200_1.0_allComponents: 1 - ED: 0.08013260902741351
banking_200_60200_0.9_allComponents: 7 - ED: 0.006824075337791613
banking_200_60200_1.0_allComponents: 0 - ED: 0.006283836040216436
banking_50_15050_0.9_allComponents: 1 - ED: 0.5065501247787624
banking_50_15050_1.0_allComponents: 6 - ED: 0.5067993987437635
banking_50_45050_0.9_allComponents: 4 - ED: 0.10646933407848408
banking_50_45050_1.0_allComponents: 0 - ED: 0.03252763486585073
banking_50_5050_0.9_allComponents: 3 - ED: 0.022537210117086894
banking_50_5050_1.0_allComponents: 1 - ED: 0.5074023340556819
